-0.41203 1.083
0.92664 0.80148
-1.8136 -0.12802
0.80784 -1.1481
0.16495 0.77906
-0.50784 -0.76426
0.58878 1.3809
-0.72919 0.84804
-0.91041 -1.7556
-0.21608 -1.9762
0.46961 3.6829
0.19815 -0.33611
0.39562 0.38549
1.7359 0.39072
1.1611 -0.52804
1.9158 -0.17414
2.6335 1.5749
-1.6655 0.62175
-0.69894 0.6995
-0.025955 0.92782
1.4917 1.2091
0.81337 -0.40317
1.5884 -0.66989
0.53591 -0.32565
-0.73501 -0.47386
-0.36739 -0.23206
-0.23033 0.67392
-0.53306 -0.62211
-0.30345 -1.1273
-0.03657 0.2937
-1.0406 0.61709
1.053 1.7139
0.3808 2.7786
-0.28538 0.6308
-0.35775 -0.69722
-0.23407 -0.37652
0.19389 1.9092
0.69787 0.74706
-0.047355 -0.44508
-0.35243 0.9879
-0.63708 1.2293
-0.51286 1.1569
0.53536 -0.2189
1.116 -0.57909
1.2275 -0.52888
-0.65567 0.68159
-1.4714 -0.049734
1.3149 -0.67784
0.035614 2.2533
1.219 0.19031
0.70925 0.17717
1.0875 1.7897
0.29092 3.3898
-0.60581 1.0223
-3.5752 -0.61925
-0.64554 -0.84104
-0.093134 1.0339
-1.3768 -0.85664
-0.58136 -0.1347
-0.54448 0.9173
0.44636 -1.3658
-0.08104 -1.1156
2.2152 0.81319
0.82373 -1.6906
-0.62691 0.43348
-0.6742 0.22393
0.57652 0.61909
0.057662 -0.77915
0.74042 -0.25251
0.70973 0.13069
-0.8517 2.1785
0.41792 0.25645
0.60044 0.645
-1.1736 -0.068541
-0.079568 1.2379
-0.093315 0.15717
-2.9655 -0.94039
-0.57515 -0.31894
0.94413 0.27136
-1.7325 -0.16868
-0.035423 0.51706
-0.30122 0.17218
-0.5427 0.70724
-1.6141 -0.22778
0.21996 0.40159
0.62065 0.96898
1.0674 0.27821
-0.35608 -1.3748
0.82035 -0.087221
0.50076 0.14177
-0.24467 0.10218
0.87023 0.79258
0.64391 -0.8656
-0.17455 0.57047
-2.3659 -0.52688
1.6359 -0.35467
0.93557 0.65779
0.71032 -0.68347
-0.48082 -0.78345
-0.45538 0.49485
1.0294 -0.52922
1.4446 -1.8436
0.1261 -1.4464
0.98329 1.1332
1.518 0.87637
1.0011 0.72766
0.81806 0.85803
-1.615 0.2303
1.3772 -2.1304
-0.69981 -1.2762
0.11933 -0.55032
-0.35055 0.96072
-0.085651 1.564
-1.6896 -0.68285
-0.93608 0.20676
-0.084377 -0.53647
0.77986 0.23495
1.199 -0.13184
-0.84935 -3.1532
0.16101 -0.57694
1.0571 1.2791
-0.098025 0.15795
0.69358 1.0898
-1.0043 -0.051062
-0.55224 1.8816
1.1693 0.2807
-1.9483 -1.3109
-0.4016 -1.121
0.063959 1.2721
-1.9868 -0.51395
0.99562 0.17182
0.22609 0.80302
0.88516 -0.62313
-0.25173 1.9605
0.92963 -0.27646
0.011995 0.40056
-1.0375 0.86439
-0.88954 0.091856
0.87799 0.5891
0.65017 0.164
0.10716 1.335
-0.017167 0.81225
-0.18725 -1.0639
-0.63418 1.5394
1.3914 0.13342
0.6838 -1.0746
-1.3771 0.39781
-1.5754 0.3992
0.93115 -0.71299
0.06027 -1.3019
-0.36752 -0.19557
0.52955 -1.2953
-1.8799 1.5584
-0.21617 -1.0031
0.6241 -0.58298
-2.079 -1.2709
0.12891 -1.0257
-0.14752 1.304
-1.3426 -0.6909
-1.2778 0.8335
1.7973 1.7924
-1.0643 0.58481
0.6795 -0.56584
0.72581 -0.10686
1.5447 -0.97006
-0.8631 2.2063
-0.83052 -0.47396
-1.9688 0.33262
-1.2779 -2.3819
-0.50043 0.25036
0.3832 -0.0083251
0.54472 -0.31855
-0.57672 0.32521
-0.54427 0.18269
-1.3686 -0.75871
0.79658 -0.72256
0.70353 0.016606
0.2395 -0.7352
1.0811 -0.47163
0.17156 -0.49388
2.0837 -0.57057
0.36518 -1.7872
1.5283 -1.3646
1.2275 -0.63983
2.8986 1.3393
-2.5739 0.32214
-1.025 0.043379
1.5826 1.4859
1.7007 0.33417
-0.24484 0.54179
-3.3562 -0.57982
-0.37098 0.63837
1.3911 -0.98439
-0.20701 0.54705
1.6706 -1.1303
1.1801 1.0373
-0.8869 -1.1784
-1.578 -1.11
0.94544 -0.46023
1.102 0.31733
-0.35602 0.51063
-1.8924 -0.84729
0.49057 0.87292
0.70176 0.21049
-0.29356 1.89
-0.58683 -1.3144
-1.2267 -0.96358
3.0195 -1.069
1.6093 0.05969
0.095596 0.98657
-0.015471 2.3977
-1.3275 0.23947
-0.50879 0.076736
-0.9795 -1.0227
-1.3323 0.21996
0.76144 -0.39414
0.68227 0.30953
-0.29594 0.40507
-0.52453 1.4573
-0.42047 -0.22799
-0.65093 -0.23964
0.21101 -1.0926
0.92775 -0.67184
-0.16091 -0.109
0.20956 1.0522
-0.25129 0.47197
0.10689 2.0289
-0.090488 1.0027
1.5203 -0.55231
-0.26494 0.80264
-0.060372 0.81573
0.042637 -0.53116
-0.56642 -0.088792
-1.2105 -0.33208
-1.9642 -0.34302
-1.149 -1.7586
0.19996 -1.3463
0.40259 -1.2178
-0.54781 -0.9892
-0.12894 0.44034
2.6573 1.0456
0.83116 -1.1743
-1.5485 -1.1226
1.6828 -1.2949
2.1623 -1.6927
-1.1294 -0.70152
0.0021061 0.38646
-0.3846 0.27873
-1.9523 0.61844
-0.53919 -0.82714
0.3111 -1.5202
-0.52978 0.35496
-0.43236 0.24833
0.21792 0.12617
0.17556 -1.0666
-0.9955 -1.6842
0.74784 1.2845
1.3317 -0.76232
0.67125 -1.1748
-0.18812 0.36631
0.34101 0.389
-1.3656 -0.296
1.8917 0.00061875
-0.56719 -0.64992
-0.04616 -1.7739
-1.3088 -0.28553
1.2912 0.86086
0.58143 -0.54938
-0.75934 -0.80864
2.4299 0.90311
-0.99185 -0.88885
1.8281 -0.95893
0.2807 -0.71139
1.2117 -1.7512
0.85669 -0.32321
-0.42042 2.2757
0.47659 -0.0075467
0.31722 0.64532
-0.92497 0.21338
-1.4848 1.9505
0.37834 1.3633
-0.80281 -0.27525
0.58591 -0.33688
-0.47034 0.48031
-0.23897 -0.45351
0.38354 -0.45548
0.98132 0.84273
-1.6529 -1.1938
-0.59182 0.92996
0.32071 -0.73554
1.7409 -0.96672
1.2074 -1.0795
0.19018 -1.2161
0.19433 0.49294
-0.065751 -0.19723
0.76128 0.85267
-0.060048 -0.016499
-1.0034 -1.2276
-0.54184 -0.30117
-0.096501 1.3759
-2.6798 -0.16429
-1.3624 -0.60309
-0.51089 0.68395
0.16326 0.58033
-1.313 1.6611
-1.4592 -0.27036
1.5797 -0.053272
-0.61068 -0.53327
-1.9593 -1.9081
1.5515 1.137
0.066013 1.7466
0.4602 0.63808
0.089488 -0.015091
-0.039367 -0.97588
0.49637 -0.58339
-0.86486 0.19936
1.0598 -0.39981
-0.53651 -0.58373
-1.1517 -0.029749
0.16056 1.6739
-0.16785 1.1143
1.1615 1.7313
-1.3345 0.087786
-0.65572 -0.056571
0.56347 1.6966
0.53157 0.81275
0.47969 -1.0274
-0.58155 1.5175
-0.53918 -0.038573
0.98097 0.27504
1.1259 1.1532
1.7177 -2.5293
0.67064 -0.58234
-1.1508 -1.914
-0.31577 0.29758
0.19472 -0.65043
0.91473 -0.88652
-0.56634 -0.66037
0.25145 -0.75373
-0.74711 -0.92538
-0.018137 1.3761
-0.4114 2.16
0.33226 -0.022064
-1.574 0.73005
-0.67012 -0.15129
0.52422 1.6059
0.12035 1.5208
-0.81587 -0.98856
0.2296 1.4483
0.21379 0.41832
0.2212 1.0061
0.28598 1.1501
0.90738 0.30214
-0.24724 0.48017
-0.26224 -0.07191
-1.0798 0.50953
0.63413 -0.78704
-1.3032 -1.1283
-1.3157 -0.086859
1.6409 -0.57044
-0.030053 -0.040671
0.024212 0.37299
-0.75294 0.61891
0.063927 -1.2426
0.4348 0.12134
1.3791 -0.21655
0.61497 -1.0907
0.13267 0.24723
-0.0061739 0.78951
1.1833 1.2585
0.49463 1.862
0.53531 -0.13113
-0.492 0.74593
-0.76188 0.36627
-0.39016 0.89616
-0.043147 0.32198
-3.107 0.74975
0.97476 0.86955
1.9098 0.80761
-0.27992 1.0545
0.63606 0.53589
-0.19126 0.46836
0.90924 0.6247
1.0162 1.0086
0.47544 0.077681
0.40855 -0.38419
1.4515 -1.4872
-1.2572 -1.051
-0.38983 0.22077
0.29253 1.5524
1.6914 1.2852
0.40133 0.59481
1.0785 -0.54999
1.5601 1.3865
-0.18648 -2.4118
-1.1163 0.32134
-0.031902 0.48878
2.0604 0.034476
0.90579 0.1077
0.61357 0.39668
1.6644 0.6494
1.5954 -0.4352
1.0244 0.45833
-0.081108 1.9237
1.4141 0.83967
0.1665 -0.48414
-0.43 0.99673
-3.7989 0.14753
-0.69914 1.0048
-0.35732 -0.77248
-2.6211 -1.5782
0.16577 -0.50729
-0.71172 -1.1204
0.62902 -0.43103
1.6094 -0.063189
0.72016 2.515
-0.19324 0.18933
-1.7388 -0.66598
-1.2691 0.36891
-1.0981 -0.1792
1.6865 0.85886
-0.82781 1.5757
-0.14044 1.7888
-0.23763 -0.4968
0.89256 0.93418
0.32248 0.86696
-1.4926 0.50166
1.3144 0.55474
-1.6938 -1.7499
1.0614 -1.093
-0.31584 -0.49045
-0.35568 -1.8559
-0.46168 0.043541
1.6071 -0.5772
1.1797 -1.196
-0.5108 -0.64883
-0.21919 -1.4011
-1.5439 -0.60394
-0.5134 -0.092959
0.84881 0.60382
0.30004 1.1238
-0.80179 0.47394
0.50811 -0.17047
-1.4798 0.57259
0.30978 0.48261
-0.28031 0.82428
-1.681 0.21754
-1.1359 -0.78036
0.36111 0.034318
-0.38464 0.055988
0.35522 -1.5418
0.83538 0.28458
0.87688 0.50112
0.5463 0.27452
0.066704 -0.87322
1.0558 2.3775
-1.2487 -1.4974
-1.4285 0.23235
1.0023 -0.66662
0.29775 -0.012959
-1.0787 -2.147
-0.054915 1.1822
1.2909 1.7559
-0.69742 -0.044788
0.32696 0.67774
-1.3008 -0.19687
0.0017182 1.0869
-0.57193 0.78593
-0.80046 -0.70671
-0.56725 -0.48779
-0.30342 1.963
-0.99643 0.86146
-0.29207 0.85324
-0.59393 -0.10598
-0.85342 1.4198
-2.402 2.2926
0.77064 -2.5484
-1.5226 0.84903
-0.8459 -0.12149
0.38941 0.28065
-0.48953 0.63295
0.20927 0.063987
-0.80993 1.3727
-0.69666 -0.51096
-1.6603 -1.3251
0.72156 0.16723
1.3094 -2.0383
-1.2559 -1.5994
0.30578 -1.3892
-0.18899 -0.64549
1.0562 0.90117
1.2791 -1.0858
-0.79688 -0.92799
0.85575 0.9126
-0.82981 1.0008
0.92809 -1.0194
-0.69293 1.0338
0.18837 0.65546
-1.2276 0.070638
-1.5684 -1.4822
-2.428 -1.3328
-1.1658 -1.3729
0.1879 0.8419
0.096101 -0.55217
1.4178 0.47432
0.42019 -0.60063
1.0377 -0.69812
0.36364 -0.85672
-1.5947 -1.1299
-0.071751 0.77329
-1.5433 -0.28882
-1.1173 0.99293
0.81624 -0.6235
0.50668 0.093412
0.92909 -0.077613
0.020848 -1.3302
-0.53937 -0.3754
0.40369 -0.83735
0.35782 0.76303
-1.6693 0.34565
-0.079836 -0.8708
0.73771 -0.04037
1.5352 0.41873
1.2677 -1.0231
1.9951 0.23214
0.22362 -0.12885
-1.3153 0.0071522
0.18152 -0.34411
-1.2785 -0.37097
-1.5095 -1.5788
-0.035229 1.1247
-0.017503 -1.059
-0.099522 0.70794
0.56884 -2.1251
0.54924 -0.84839
0.13281 -2.0174
-1.2299 1.6963
1.6455 0.72229
0.93899 -1.5747
-1.1496 -1.0746
2.6229 -0.71385
2.3756 0.99016
0.056429 -0.092606
-0.58789 0.75062
-0.98303 0.41239
-1.379 0.28703
-0.086959 0.1414
-0.76068 0.23587
-0.87454 -0.0095024
-0.4685 0.11011
-0.37675 0.85237
-1.6317 1.4399
-0.84334 0.44426
2.0772 -1.0412
1.8603 -0.44807
-0.075461 0.48363
-2.5102 0.42049
-2.1873 0.95241
0.52525 -0.095427
-0.85241 -0.067355
-0.31096 0.22829
1.6036 1.2402
0.65901 0.97078
0.67319 0.72585
-0.76966 -0.62031
1.057 -1.272
0.22608 -0.86433
0.57113 -0.33925
-0.52693 0.29553
0.57552 0.25509
0.91277 -0.14883
-0.15852 0.673
0.66865 -0.38743
-0.85993 -1.0569
1.1602 1.7564
0.070212 -1.3054
-0.5166 2.0469
-0.98604 -0.33769
0.26506 0.5333
0.049393 -0.53027
0.46236 -1.3711
-0.45748 0.13317
0.36425 0.17391
1.2451 -0.21817
1.0969 0.66284
-1.3231 0.12896
0.50715 -1.0817
1.2127 0.34321
-0.84022 -0.13887
0.0037979 0.47251
0.24943 -0.27104
-0.74231 0.37578
-0.17697 -0.43672
0.61525 -0.11797
-0.1471 -1.2533
-0.28112 0.61005
-2.0141 1.3318
-0.20503 -0.32394
0.079757 -0.60176
0.20161 -0.99878
0.36308 -0.76441
-0.042392 -1.722
-0.085796 -0.096401
-0.90642 -1.7173
-2.1938 1.3311
-2.1364 0.79135
0.11046 -1.0318
-0.9738 1.5966
0.25099 -0.87197
-1.0709 -0.51983
1.1759 0.067967
-0.12737 -0.084216
-1.0516 -0.83984
-1.3927 -0.41017
-0.44712 0.1127
-0.85378 -0.11207
0.56387 0.90739
0.51868 -0.97292
-0.90637 1.0339
1.9403 0.87461
-1.9127 1.2467
-0.53122 -0.71696
-1.5941 -1.6418
2.7051 -1.1028
-1.9485 0.95618
-1.2053 -0.1602
-0.99009 0.91995
0.49602 -0.87545
0.65299 -0.44223
2.1245 0.26189
0.17595 0.8523
0.77395 2.0753
-0.61565 -0.71114
-0.57656 -0.20234
-1.7122 1.0072
0.53807 -0.66811
0.77595 1.4028
-1.4507 -0.43206
0.27599 -1.3634
0.15402 1.6657
-1.7348 0.58877
0.21041 1.0095
0.47909 -0.42972
-1.668 0.35356
0.39768 -1.4046
-0.52405 -0.39267
-0.92398 -1.573
0.86991 -1.34
-0.38398 0.46737
-1.0525 0.62401
-1.0332 1.0869
2.3654 0.43728
-1.3895 1.6157
2.6186 2.0374
0.49751 -0.015393
-0.98434 0.042355
0.66853 1.5314
0.82241 0.44593
-0.99617 -0.068905
0.64366 0.29853
-0.01429 -2.4617
0.40642 1.9378
0.19049 0.82369
-0.61994 -0.80988
-1.7681 0.43435
0.35638 0.1171
0.12962 1.5657
-0.87741 0.52528
-0.051091 1.5186
-0.40753 -0.6581
-0.73369 -0.58191
1.0707 0.23494
0.040809 -0.098777
0.3074 -0.13521
0.31653 -1.8865
1.6021 -1.489
0.32007 0.14832
1.4165 0.95391
1.8237 2.2932
-0.030041 -0.14516
1.5283 0.071984
0.6054 0.71399
0.21719 1.2446
-0.95569 0.49611
1.8108 0.55803
0.79753 -1.9399
0.31729 2.4346
1.2181 0.34695
0.66525 -0.97556
-0.81726 0.46545
0.59034 -0.099901
0.34406 -0.28052
0.48547 0.41359
0.41877 0.29667
-0.58341 1.1556
1.1115 -0.97836
1.1986 -1.1571
-1.3961 -0.054848
0.19038 1.1387
0.74626 0.77219
1.6802 0.072387
0.73013 1.8961
-2.0874 -1.1115
1.0054 0.050883
0.35377 -0.63266
1.3004 -1.1076
-0.034683 -0.24729
-0.3601 0.060284
-0.99729 2.0264
-0.65542 -0.33222
-1.2973 0.67598
-1.3592 -0.80623
-0.76643 0.0049173
-0.0956 0.87825
-0.61789 -0.90205
0.70098 0.017069
1.0657 -0.36843
-0.71917 -0.35255
-1.2771 0.30861
-1.0019 0.32904
-0.10391 -0.78816
1.3696 -0.97344
-0.13356 -0.021514
-0.52048 0.33823
0.55948 0.016192
-1.3772 -0.73052
1.6574 0.15474
0.17249 2.1211
0.77302 -0.11585
-0.25555 1.2886
3.6333 1.2121
-1.0412 -1.6427
0.43611 -0.39124
-2.9671 1.4728
1.9516 -0.61589
-1.5476 0.85137
-0.30847 -0.64256
-0.61066 0.90373
0.35465 -0.26346
-0.80928 -0.029771
0.36284 3.4578
-0.48192 -1.2781
-0.71204 1.0086
-1.7432 1.2065
-0.22119 -0.5862
2.0135 -2.4026
0.92331 1.3954
0.09354 0.097688
0.090719 -1.1061
0.39092 0.10027
0.37812 -1.6745
-1.9313 0.79612
-0.8401 0.29833
3.4864 0.47419
-0.62577 1.1867
0.67641 -2.2623
-1.3075 -1.1882
0.16403 0.91608
1.176 1.0599
-0.52413 -0.12927
-0.90267 0.36336
0.30726 0.48046
-0.93789 0.87312
-1.203 0.61448
-0.3781 -0.085554
-0.64547 -0.33829
0.75819 -0.3259
-0.87858 -1.3437
1.4202 -1.736
-1.8316 0.64444
0.009034 1.4727
0.99543 -0.81723
-0.29113 -1.7099
-0.61966 -0.53736
-1.5039 0.0016769
-0.58525 -1.0184
2.0716 0.14183
-0.65132 0.41978
0.45505 -0.019495
-0.75256 0.92574
1.3614 0.31105
-0.39499 1.7142
-0.093489 -0.32662
0.60041 -2.1588
-0.38441 -1.1567
-1.3934 0.52357
0.83909 0.26126
-0.7047 0.36388
0.55019 -0.18714
1.6793 2.0956
0.046914 1.0123
0.39016 -0.061509
0.43778 1.0444
-0.39916 -0.83518
-0.53626 -0.35858
-1.3576 -0.7666
-0.083513 0.45457
-0.27444 2.0819
0.46511 0.33425
-0.56728 -0.47364
0.11547 0.31678
-2.1849 -0.23265
-0.2785 -1.9913
-0.064942 -0.96117
-0.5976 0.025555
0.35873 2.1983
-1.3833 -0.80065
-1.0802 -0.20792
-1.0677 -0.85283
-0.68017 -0.63333
1.1497 -1.1612
0.4441 1.3587
1.1811 0.21752
-1.7303 -1.4193
0.11895 0.64133
1.8027 0.37794
0.46189 -0.46328
1.0127 -0.7005
-1.6149 -1.1122
0.40977 0.88247
1.2582 0.27616
1.1313 -0.21897
0.070941 1.1218
-0.22929 -2.4549
0.52581 0.72538
0.13836 -0.48734
1.7366 0.010789
0.1138 0.10413
-1.0313 0.10722
-0.38873 -0.1456
-0.22301 -0.82242
0.73134 1.0417
0.044332 -0.69118
0.43884 1.0832
2.5895 0.067314
1.1209 1.6295
0.779 -0.769
1.3986 -2.2306
1.593 -1.4454
0.66159 -0.80343
-0.78323 0.56185
-0.69649 -0.54509
0.42207 -1.854
0.84171 -0.3328
-0.47069 -1.7823
-0.29632 -0.46323
0.24411 -1.6553
-0.23851 0.0096941
-0.75755 -0.78406
-0.0048026 -0.37334
-1.9898 -0.76005
2.1756 1.2051
-0.45066 0.35864
1.0482 1.6009
-1.1576 -1.8294
-0.27317 -0.26966
0.79959 0.11874
-0.98471 1.2407
-0.14876 0.75469
-0.0046469 -1.4754
0.28557 1.1092
-0.23152 0.45968
-0.36997 0.27287
-0.49852 -1.2107
-0.13923 -0.97649
-0.55431 -0.019009
-1.9216 0.3943
1.015 1.4125
0.46259 0.68871
1.2842 -0.058341
-0.22359 0.26525
0.45022 -0.31115
-1.137 -0.64548
-0.84658 -0.2492
-0.36795 -0.62033
0.86751 0.98889
-0.61789 0.044209
-0.20763 1.157
0.71434 -2.2938
1.0655 0.44996
0.12867 -0.60867
-0.19432 0.26122
-0.076881 -0.80745
-0.51681 -0.66643
-1.0023 0.22288
0.8008 2.2394
-2.9215 -0.49862
0.059538 0.55337
0.78801 -0.34541
-0.32017 -0.09818
-0.98223 -2.0562
-0.30625 -1.676
0.3333 0.80324
1.2973 -1.1286
-0.15338 1.0443
0.37945 0.64466
1.5847 0.98628
-0.1082 -0.0019767
-0.90154 1.8384
-0.62969 0.24878
1.0068 1.6752
-1.1295 -0.32643
0.65104 -0.94277
-1.6394 -0.34037
0.79092 0.6584
0.0014662 -0.57773
-0.30742 -0.068772
-1.0144 -0.66434
0.030093 0.38422
-1.4189 -0.15728
0.19169 -0.80131
-0.80047 0.068006
-1.6448 0.4768
0.91191 -0.33712
1.321 0.22841
-1.3567 -0.11715
0.36771 0.95724
-0.37031 0.38632
-1.6179 0.55888
-1.3056 0.96815
0.69365 -0.10588
2.2587 -1.6905
-0.74957 -1.251
-0.91504 -0.88997
0.40954 0.34538
2.7951 0.79269
-0.0314 0.20038
-1.3073 -0.23012
0.51137 -0.53781
-2.6799 1.807
0.78058 -0.86982
-1.9768 0.023188
-0.49669 -0.12734
-0.53489 0.86901
-0.065353 -0.2178
1.3157 0.45548
1.4754 -1.0855
-1.3782 -1.7144
-1.3247 0.62713
-0.3352 -0.3451
-1.5286 0.24317
0.045279 -0.31603
-2.1181 -0.60363
-0.43445 1.123
0.35476 1.0635
-1.6882 1.6617
0.2288 0.74635
0.14729 -0.13213
-0.95631 0.57948
-0.8883 -0.83624
0.25029 -0.14793
-0.65969 -0.35819
0.21657 -1.2912
-0.52886 2.2302
-0.79759 -0.24839
-1.3037 -0.87494
1.7763 -0.1264
0.055327 -0.69892
0.75522 0.6098
-0.54202 0.40676
0.70672 -1.0592
0.34369 -0.65914
0.55873 1.2788
-0.76711 1.5707
1.0309 0.68486
-0.1093 0.017333
-0.55889 2.188
-1.0564 -0.59673
0.52776 -0.52292
-0.17012 0.071472
-1.0222 1.2118
0.46754 -1.109
0.70183 0.54005
-1.2979 -0.29585
1.0649 -0.65926
-0.93505 1.1071
-0.052635 -0.0009051
0.51093 -0.83294
-0.13935 0.5013
-1.3857 0.77958
0.79876 0.37537
0.70514 -1.8562
0.6798 -1.4053
-0.8448 -0.43877
0.16397 -0.24906
-0.59956 -0.7595
-0.33524 0.88969
-0.19029 -2.5637
1.9103 0.96727
0.27307 0.12514
0.99802 0.67305
0.95513 -0.26724
0.76279 -1.1222
0.16339 -0.2028
-1.4772 -0.35414
-0.20679 2.0821
0.76543 0.1252
-0.32757 0.74461
-0.36563 0.28726
-1.9444 1.3662
3.048 2.4388
2.5267 3.5281
2.6026 2.8171
1.1827 3.886
3.4105 3.7587
3.4768 3.661
1.27 3.2311
4.843 2.6436
3.8164 1.8591
4.2763 2.282
3.1204 1.7871
3.7733 4.2536
1.3641 2.0164
3.0409 2.8647
2.2743 4.385
2.1163 3.7434
1.328 1.7227
1.8513 1.6086
1.5346 1.8267
0.54939 3.1058
3.1572 3.0121
2.461 2.0584
1.9275 2.0086
4.052 3.9214
4.7546 2.4874
1.0576 2.5576
4.2755 3.6642
2.5228 2.9728
3.3125 1.2385
3.4653 1.9906
2.3861 4.4757
3.3755 2.9805
4.4679 4.2059
3.2779 3.6572
3.3028 0.79601
2.4382 2.2707
2.4844 3.6945
5.3252 1.9785
2.7483 3.9993
2.938 4.0682
2.3651 3.5228
4.0488 2.1279
1.7821 4.9223
3.4174 2.4478
3.5149 3.7272
1.7318 1.6167
3.5651 0.676
3.1425 4.3068
2.347 3.5739
5.1053 3.3487
2.4651 4.9117
2.5265 2.8215
1.7504 1.211
1.447 3.0118
2.1057 2.9967
3.4797 2.1448
2.9495 3.4099
1.9687 3.4506
2.4272 0.84397
3.7654 3.9955
3.4799 3.2297
3.0134 3.0605
2.5155 2.6773
2.1187 4.1627
2.356 3.2718
1.481 3.5131
3.0399 1.8259
3.6737 3.3021
2.3642 1.089
3.6634 3.7913
4.6799 4.8467
4.2018 4.1083
3.0116 5.4443
1.3723 3.1072
3.489 4.5849
2.5765 2.7683
4.7426 3.6796
3.7866 3.5703
3.0162 2.3797
2.757 3.3585
4.9121 2.8515
1.9769 3.5651
1.5163 4.0085
2.0313 2.927
2.0316 2.2937
1.0771 3.1015
3.9324 4.1143
2.8853 2.7791
2.3755 2.4568
2.0196 3.6345
2.5985 2.0552
2.5866 2.7839
1.2181 1.4109
2.5065 2.9174
1.8713 2.6416
4.6996 2.6102
1.8191 2.4771
3.6824 5.2475
4.7741 2.7836
1.7602 4.0196
3.9531 2.6154
3.0683 2.8104
4.0574 2.3164
3.4172 3.7345
1.3462 3.6205
3.1776 4.3621
1.331 3.3845
4.685 2.8883
4.534 2.2658
2.7145 2.6458
3.7091 4.2466
2.4663 4.4195
0.96256 3.5924
2.0432 3.3206
4.0492 3.7322
1.6943 3.3964
2.5032 2.0168
1.1056 3.0183
0.34568 3.2365
1.0306 3.9994
3.7077 2.3436
3.5821 2.8888
3.6488 4.0539
1.9032 3.2335
2.2721 2.1127
4.7966 1.7992
1.9762 2.8811
3.0193 3.4129
2.9699 4.144
4.9229 1.3538
2.5373 3.1273
3.3768 2.6779
3.699 3.5318
4.3039 1.2627
3.3563 3.3904
1.1784 2.6713
2.2718 3.4831
2.7631 1.1754
4.9363 2.7245
2.6846 3.8342
3.4213 2.1374
1.7769 2.8802
3.6236 5.1187
3.8789 2.6006
2.5394 2.751
3.0966 2.4398
3.5129 2.895
1.962 2.4015
2.203 5.8882
2.4073 2.559
1.0026 2.2358
1.0958 2.7483
3.8584 3.5246
3.3134 2.3268
3.3144 3.9498
2.3226 4.3002
5.1825 1.7756
2.2165 2.7713
4.0872 2.794
2.9088 3.7632
4.2899 3.3428
2.3421 4.593
0.79765 4.1722
2.8201 1.8629
3.6474 3.312
3.5983 1.681
1.7868 2.3306
2.7052 2.2993
4.4052 1.4596
3.9627 3.2285
0.92717 2.3911
3.0843 3.9233
3.8404 4.8512
1.8531 2.4667
5.2467 2.4613
3.6289 4.6965
2.3627 2.8233
2.6935 3.8083
2.825 3.0809
2.8291 2.994
4.731 4.9489
2.3587 3.2287
3.1655 3.135
3.4647 2.2744
1.9429 3.6178
3.2205 3.3145
2.5042 4.1241
3.2954 4.1291
3.3577 2.5661
1.4525 3.8257
1.7882 3.883
5.1835 3.1464
3.6267 4.1846
3.1905 2.6737
2.0275 1.6909
2.4449 3.2292
4.036 3.6975
2.6086 1.8313
3.6969 4.4053
2.7906 4.4168
2.5564 1.9543
3.9227 1.9955
1.9474 2.2616
2.2595 2.0555
4.3557 2.8646
1.5795 2.5774
1.549 4.5979
2.0298 2.6189
1.637 3.2348
3.7002 2.6907
3.4143 3.3409
3.2887 3.5486
3.3578 1.984
3.5912 1.3665
1.3639 1.1896
2.5233 2.9651
4.332 3.6758
3.0965 2.1091
2.7989 1.1087
3.8304 5.2175
2.2325 2.0619
4.7064 1.4564
4.371 3.1596
2.9122 2.6312
4.5412 1.9878
3.6069 3.1134
2.7089 3.885
3.64 2.4177
2.0827 2.2824
3.4899 2.3267
4.7732 2.6803
2.8111 4.6065
2.7342 4.0613
2.5511 3.3005
3.6864 3.3511
1.4496 3.9522
3.1106 2.3671
2.7686 2.1413
3.3166 4.7461
3.1012 2.4439
1.8382 2.9757
1.7887 3.917
2.4917 2.4985
3.3391 2.7487
3.6496 4.6728
3.5382 1.6356
3.7443 2.6649
4.0637 4.2946
4.992 3.4811
2.3143 2.748
3.9118 4.0112
4.515 3.2788
3.7235 5.6114
3.4594 3.2879
3.1454 4.0956
4.3318 3.2689
3.8679 2.1373
1.2177 1.8982
3.0278 3.3696
3.0946 1.4055
2.4547 2.1239
3.8639 2.4864
3.1877 2.3102
2.0192 3.8315
2.1081 1.5776
2.9812 4.1291
2.0356 1.6887
2.9803 2.5042
2.4949 2.9296
3.1723 2.7033
2.4115 1.1884
3.1155 4.3034
1.9083 2.7711
4.4805 3.7879
3.7625 3.3683
4.6431 2.4586
3.5848 2.2809
3.3076 3.3484
2.6545 2.4996
2.7377 3.7244
3.8013 3.5774
2.9186 1.6685
3.4586 1.034
2.9364 3.7048
4.5763 2.7937
2.955 3.3787
2.0683 2.682
0.84553 2.3922
3.7491 1.8047
2.7286 2.2766
3.6137 2.9305
0.8818 4.1039
0.1818 4.4732
3.496 2.0695
1.7519 2.5287
3.4427 1.5454
1.2451 3.5985
2.6361 2.6481
3.4547 4.1511
1.6845 3.3984
5.3999 3.326
2.1921 2.7714
5.3542 1.7277
-0.27443 4.5906
4.8868 3.2815
3.2889 4.4805
2.9735 2.2634
4.1811 3.6776
4.3892 3.4989
2.5109 2.5722
2.0557 5.0294
2.1567 1.852
3.1829 4.0572
1.8923 3.4254
2.3395 2.4341
3.814 1.5437
1.7474 3.8427
2.124 0.9987
1.3623 3.2618
2.6731 2.9707
2.793 3.8053
3.2833 2.9894
2.7279 1.9408
3.9485 3.1201
3.9424 2.0196
1.9646 4.3606
3.3447 2.8568
1.4526 2.1916
2.8592 3.3176
2.8971 3.0007
2.7662 1.8269
3.2853 3.7902
2.7025 4.751
3.7842 3.4496
2.9474 4.3348
2.1972 2.4348
2.8828 1.4912
3.2417 3.8503
3.7724 2.2503
2.4468 3.8262
1.5316 2.942
4.3881 3.1999
1.3137 3.6598
3.8412 2.3653
1.9701 3.8843
3.5673 5.4042
1.475 3.1688
3.0146 2.8235
1.839 2.5319
2.6729 2.0747
3.0711 0.32966
2.861 3.1039
2.4363 3.6511
4.0895 2.974
3.0972 3.352
3.2054 1.1624
3.478 1.4369
1.1626 3.3863
3.2186 0.95496
3.0598 4.1644
3.9626 3.6523
3.4526 2.9397
1.7493 1.7898
2.8719 3.2102
2.5794 2.9185
3.5798 2.8544
2.6325 2.7101
2.9079 2.619
2.3106 3.5659
3.0611 2.5517
3.1939 3.6557
3.6713 3.6015
2.9517 4.1008
2.4712 3.4878
3.8899 4.7698
4.7815 2.9736
3.3606 3.9562
2.8982 1.6402
4.3361 2.9031
2.2785 1.463
2.1596 2.9243
2.7355 3.1966
0.90481 3.4097
3.3831 2.8758
3.2555 5.1984
1.5489 3.0113
2.6205 3.5788
3.8053 4.0262
2.6674 4.4749
3.7033 1.8507
2.2976 2.3728
3.3035 1.736
3.0781 1.5129
2.8012 4.0437
3.3443 2.8952
2.9541 3.2233
1.5542 3.5295
3.3265 6.0624
3.1442 4.212
2.977 3.7631
3.1548 2.999
3.7894 3.5281
1.3688 2.8136
4.3884 4.3755
3.55 3.735
2.3017 3.3429
4.9054 3.0661
2.8339 3.5174
2.6522 3.0589
3.1322 1.984
1.8913 3.0488
3.14 0.52343
4.4543 2.7055
2.2173 2.5036
1.4528 3.5763
1.4404 2.2283
2.5678 3.2096
3.2025 2.3245
1.4538 3.0847
3.9787 3.3608
1.0762 2.5201
4.7688 1.4701
2.9811 4.3484
-0.10328 3.2721
3.004 2.1243
2.9747 2.8781
3.3278 3.8154
1.3451 2.1107
3.3299 2.5709
1.6943 3.2875
4.3203 2.3355
3.3554 4.8067
3.0513 2.314
3.0814 3.1736
1.4531 2.8103
1.6284 1.0838
4.0775 3.6056
3.0674 3.4015
3.7937 3.6088
1.4639 1.4283
2.9361 2.6226
2.846 4.4035
1.6933 3.5255
2.1176 3.163
3.177 0.81735
3.6865 4.1281
1.0002 2.77
3.8108 3.502
2.6396 3.3739
2.5127 3.4082
3.2912 2.4787
2.6381 2.5417
3.335 3.5861
2.6484 3.9173
2.702 2.9542
3.0971 2.698
3.0924 3.424
3.2167 2.4393
2.4386 3.6374
2.3425 3.8562
3.482 2.7833
3.1153 2.3137
3.6657 3.2663
3.7882 2.8781
2.1461 2.4395
1.6832 2.0051
4.7155 3.3611
2.7538 1.6448
0.94447 5.4464
3.2884 1.7626
3.1455 2.9785
1.7763 1.6481
1.2517 2.097
3.0957 0.91958
2.0188 3.7702
4.4148 4.5732
2.6163 2.821
3.0517 3.0212
3.7801 2.8618
2.4453 2.0242
2.5608 3.2226
3.4057 2.7501
0.81162 4.1669
3.0759 2.7021
3.0018 0.48538
4.1569 2.8094
2.5073 3.0679
2.8608 3.8473
2.64 3.4579
0.8023 0.94785
3.22 3.8822
2.397 2.1903
3.8421 2.0235
1.3765 1.9629
3.0182 4.2328
3.4361 2.0542
1.7877 3.7666
2.5832 0.47336
4.3204 1.4758
4.0008 1.6955
1.9998 2.8835
2.8392 1.8245
2.5941 4.5941
3.9802 3.3795
3.7057 3.3889
3.6068 2.947
3.8385 3.24
4.4243 1.819
4.3504 4.4192
3.8714 1.6757
4.8124 2.8419
2.6778 3.1097
3.2821 1.8744
4.3865 1.2757
2.2544 3.2223
2.4341 2.7735
2.3328 3.7667
2.3992 4.1124
2.9724 2.1651
1.7706 5.0966
1.8927 2.7584
4.6012 3.2475
3.2806 4.0776
3.1593 4.4219
4.4793 1.7916
2.5337 3.0442
1.0938 1.4863
1.0495 4.5954
1.9811 2.6449
4.8596 4.6454
2.5643 2.9868
4.0866 1.492
1.8758 3.1867
3.6619 0.14306
2.4122 3.2794
2.6192 2.7151
1.3135 4.0393
3.1635 1.2275
2.8783 3.0588
3.8648 3.6734
3.9783 2.0783
1.2347 2.3351
4.805 2.7484
2.6766 3.5565
3.1226 2.6071
2.886 1.9605
3.0434 3.0849
2.4566 2.6747
3.2023 1.8824
4.3767 2.8979
3.2816 2.9189
2.7121 3.3615
2.8978 2.9772
4.6307 2.883
2.6277 6.7476
3.0152 4.0532
4.1483 2.148
3.6402 3.9777
4.52 3.1331
1.3117 1.6696
3.5265 2.5085
3.8825 2.7722
2.9033 3.8826
2.4374 2.3727
1.7722 4.0315
2.9021 2.4577
3.5407 3.0014
3.7823 2.4807
3.7349 2.9932
1.7165 3.374
3.6532 2.8598
2.9254 2.7481
3.4559 3.8794
2.7847 2.2514
1.7138 2.7557
3.3935 2.368
5.3374 2.2996
2.8875 2.6084
5.1187 2.554
1.6747 3.9507
3.71 3.7245
2.877 3.2288
3.8946 3.7118
3.3788 3.7217
2.1342 2.6412
2.553 4.2358
2.4873 2.633
1.9551 2.9307
4.09 4.1096
1.4295 1.8542
3.1159 3.5972
2.6115 2.6465
2.7904 1.5151
1.0195 5.2907
3.3948 3.1489
3.2697 2.2415
2.2334 1.4576
3.2281 3.1044
2.474 4.5154
3.4866 3.739
2.8457 1.8214
1.7029 3.3183
3.3914 2.1896
3.5734 3.4596
2.2085 2.7365
3.4912 4.0293
2.943 2.9649
3.6661 3.5244
3.0753 1.5735
3.4113 4.1584
3.723 3.4717
4.5656 2.3135
3.7186 3.7644
2.8874 2.0395
4.4339 3.5229
2.7818 2.4392
4.3464 2.7061
0.78071 1.6967
4.5904 3.6709
2.884 3.7381
1.5042 3.0709
2.2985 3.1892
2.8334 2.7004
3.1163 3.2794
2.2855 2.1129
3.7573 1.7509
2.9235 4.134
2.3261 2.5197
3.1495 3.9458
1.9758 3.7686
1.3032 2.9261
3.834 4.463
1.3565 3.1408
3.1504 2.6301
3.8699 3.5298
3.5801 4.1334
1.9279 2.1847
2.2062 3.2394
2.9832 1.6157
3.0932 2.2138
2.7826 2.5659
4.0766 1.5217
1.2592 3.9174
1.3303 1.1025
3.0617 3.2783
0.99904 1.4459
3.9231 3.8869
3.2692 2.8835
3.6515 4.1312
3.6034 2.0757
1.7145 4.4175
2.9802 2.5744
2.2779 3.8983
3.8417 4.0087
1.5843 3.4234
2.4435 3.7303
5.1651 2.9087
2.5822 3.7668
3.3136 1.5304
1.2256 2.464
3.2025 3.231
1.6423 5.4859
3.2671 1.4405
3.5456 5.0752
3.5102 2.9788
2.3617 3.8926
3.858 3.1351
2.7252 4.6866
2.565 2.7236
3.6262 2.9597
4.6316 2.8387
1.9247 3.5782
3.1616 2.113
2.1891 3.2608
2.8502 2.1183
2.1404 2.5973
1.1753 2.8538
1.7843 3.4051
3.6032 3.2785
0.53819 4.4474
2.1919 2.416
2.6365 2.1908
3.0172 2.8412
1.8096 2.2975
3.7386 3.1027
4.1498 2.1109
2.1983 0.68962
2.765 2.0278
3.7747 2.981
3.0353 4.3389
2.549 3.0177
3.8582 2.2873
2.3788 3.9245
3.0337 3.3027
1.3508 6.0038
1.1641 2.4603
2.2132 2.0187
2.6601 1.03
3.3276 2.2034
3.9652 3.7554
2.409 2.6541
2.4415 1.0872
2.8544 2.4056
3.9031 4.3917
2.6285 3.6127
3.5205 3.5182
3.5188 4.4305
2.8538 4.1059
2.9487 4.8565
2.504 3.1007
1.0294 2.5933
0.96905 3.5989
4.8353 2.8481
3.5561 2.5532
3.4823 4.4384
2.9344 1.9643
2.0721 4.2568
3.9126 2.8334
3.2362 3.0819
1.9208 3.9856
3.9723 1.0526
2.8116 1.8571
3.076 3.2679
2.7108 2.462
1.4089 3.9256
3.3912 2.6506
4.2199 1.9903
3.425 2.5809
4.1912 2.8579
3.408 4.1805
0.98279 3.3928
2.6057 3.8517
2.974 0.99657
3.7964 1.8159
4.0302 0.25888
4.0011 2.5044
2.1171 4.4527
3.7758 3.3001
3.2399 2.5707
2.8197 -0.58506
3.0338 3.6048
2.4043 3.908
2.8237 5.8111
2.6125 4.2398
3.403 2.8636
2.7611 4.7558
3.3695 1.6208
3.8579 1.5498
2.9982 3.0285
1.7911 3.3802
2.7907 3.0154
3.892 2.0535
2.7202 2.0606
4.3545 3.5624
3.3907 1.7368
2.3241 2.7569
2.8623 1.3999
3.083 3.4258
3.573 1.7682
2.3975 4.1568
3.1763 2.3297
4.2567 3.3363
3.2724 1.7502
3.1269 2.5929
2.2085 2.3269
3.3069 4.5467
3.128 3.1979
2.2364 1.8145
3.4143 3.2242
4.7203 2.6776
2.7277 1.8474
2.4408 4.0411
3.4869 2.772
3.5188 4.4482
2.2119 2.7448
3.4115 3.7082
1.9038 2.0101
3.4679 3.4346
3.2122 3.2177
2.9522 5.3378
2.031 1.2063
2.6752 2.7334
3.4314 1.6805
4.503 5.0583
3.8574 3.5025
2.6681 1.2459
2.6607 2.832
2.491 3.7899
3.7595 1.6941
3.125 2.1915
3.9388 4.1157
4.5399 1.2871
3.4245 2.4317
3.8864 4.9127
3.106 4.4472
1.6165 2.1455
2.8504 4.2528
1.9971 2.7937
3.0001 2.3701
3.5354 1.6024
2.8207 3.565
4.679 3.8704
2.2124 2.4692
4.6746 3.0172
2.6351 2.8614
2.5619 3.3215
3.6192 4.3769
2.958 3.9169
3.2112 5.6189
2.7168 4.4406
3.6615 2.6632
5.3453 3.2076
2.0497 2.7496
2.9328 4.1923
4.1842 3.2093
3.3443 4.6261
4.1674 5.4066
3.467 4.1216
3.2586 3.4164
2.4375 3.8279
3.1041 2.2789
3.7936 3.4265
2.7469 2.9571
4.46 2.1213
3.5314 1.6845
1.3944 2.7717
3.6377 4.4287
5.5137 2.1879
4.0669 1.9882
4.2021 1.9185
0.75865 2.4172
3.5954 4.386
4.0941 3.5121
3.7723 3.7628
3.9391 1.9328
1.6802 2.6328
2.7224 3.2547
2.2865 2.903
2.4359 3.4331
2.2123 4.1972
3.06 4.1566
2.9925 5.1
3.3621 2.8792
3.3352 3.6743
2.4333 4.1706
3.6869 3.2808
2.2487 3.1942
4.6453 3.8133
3.4381 2.0057
1.7187 2.0435
3.3178 2.2007
2.4743 1.5092
3.3788 3.3488
3.4967 3.1959
4.8805 3.4213
2.9862 4.371
3.2857 3.2633
2.3312 2.9166
4.2606 3.1797
2.7538 3.9987
3.2733 4.1061
3.7781 4.6781
3.9277 3.9704
2.0652 4.5057
2.9405 2.5285
3.0003 4.4095
5.0316 2.3774
3.2358 4.4401
2.8996 4.2626
4.0146 2.644
2.1466 1.9558
1.8584 2.3422
3.5208 2.7397
1.4344 3.447
2.232 2.2681
3.5326 4.4984
3.841 2.2617
2.2929 2.8516
2.8325 4.1753
4.4267 3.6113
3.9559 4.589
3.7463 1.2466
2.8731 3.2569
4.1698 3.3046
3.7988 4.2018
3.696 3.7566
1.6084 2.6072
2.8947 3.6217
1.9692 4.6587
2.5561 4.9782
2.5549 2.9627
3.8404 3.3268
3.0689 4.8325
3.8818 1.6394
3.2032 3.148
3.1224 3.2523
0.5938 4.5363
2.2771 2.6757
5.0654 2.5661
2.9418 2.8922
2.2886 2.5825
2.5132 4.0374
1.0204 3.0476
3.5313 0.77607
2.1103 1.4699
2.8588 1.6337
4.1195 2.4162
4.4844 1.9642
1.1872 1.7334
4.6273 2.941
3.9839 1.1404
1.7892 3.6859
0.21392 3.2271
3.1623 1.945
1.6192 3.2407
3.5237 3.6575
1.4609 1.8804
1.9904 2.4944
3.0722 2.7634
2.3363 2.9094
2.9075 2.3866
2.9716 2.2647
3.5258 0.9549
5.7651 3.112
3.2508 2.5719
3.559 2.707
-0.10425 1.0321
4.457 2.62
1.4406 4.6709
2.8619 1.8345
2.2614 4.0142
2.1077 0.7794
4.2325 3.7116
3.4871 4.4133
3.9116 2.2991
2.3657 3.5052
4.6559 3.2466
1.3674 5.5064
2.5605 4.4891
2.4553 1.9169
2.2145 2.6112
2.128 3.2914
4.8987 3.0644
3.4553 1.1235
4.0193 3.7075
3.0079 4.1658
3.0778 4.4727
4.5096 3.5341
2.5177 2.4048
2.9025 3.8953
2.5239 2.947
2.4926 2.7241
2.9156 1.5807
2.5475 2.8398
1.4425 3.6273
4.1368 2.689
3.2347 2.9803
2.2507 1.6839
4.2923 1.9706
3.3855 3.7507
1.525 3.2296
2.6318 3.6363
3.2774 3.4352
3.95 3.046
2.423 2.3764
3.3385 2.7105
1.5364 4.2274
2.8215 0.37267
3.4466 3.3956
2.8365 1.7218
2.9413 3.2556
1.5962 3.5475
5.2085 2.8271
4.5972 1.7288
1.9421 4.0405
3.027 4.2917
2.7878 3.6531
3.419 2.6503
3.3799 3.0688
3.4853 2.9729
2.2271 3.246
1.5782 2.6747
3.43 1.8678
3.3554 0.34883
2.9237 1.5728
4.5494 3.8137
3.7481 4.8763
1.7178 3.8529
4.1 3.392
3.8787 3.2603
4.5093 2.7569
2.8194 1.2986
3.4005 1.8735
2.3949 3.9056
4.1842 2.6766
3.372 3.8311
2.2505 1.9884
2.6768 2.2802
3.2493 2.2549
3.694 4.3784
